0.023564962187499996
0.018219327875
0.018219327875
0.018219327875
0.07143034825
0.07143034825
0.07143034825
0.08553809425
0.08553809425
0.124147713125
0.124147713125
0.124147713125
0.15332438875
0.15332438875
0.15332438875
0.16324654675000003
0.16324654675000003
0.16324654675000003
0.28835531225
0.28835531225
0.4597014925
0.4597014925
0.4597014925
0.525878371625
0.525878371625
0.525878371625
0.5342683775625
0.5342683775625
0.7635539191250001
0.7635539191250001
0.7635539191250001
0.9083333333125
0.9083333333125
0.8954310815
0.8954310815
0.8954310815
0.9578250520625001
0.9578250520625001
0.9709331213125
0.9709331213125
0.9709331213125
0.9994035191874999
0.9994035191874999
0.9996522775625
0.9996522775625
0.9996522775625
0.9985853270625
0.9985853270625
0.8626790331875
0.8626790331875
0.8626790331875
0.7804974729375
0.7804974729375
0.7804974729375
0.5808274419375
0.5808274419375
0.37059526175
0.37059526175
0.37059526175
0.414819325
0.414819325
0.414819325
0.399463007125
0.399463007125
0.5185360270625
0.5185360270625
0.5185360270625
0.3621597456249999
0.3621597456249999
0.3621597456249999
0.48146168
0.48146168
0.48146168
0.64844837875
0.64844837875
0.761876927625
0.761876927625
0.761876927625
0.7742865665625
0.7742865665625
0.7742865665625
0.7945024875
0.7945024875
0.77803436625
0.77803436625
0.77803436625
0.799955286125
0.799955286125
0.8658518445
0.8658518445
0.8658518445
0.8421818271875
0.8421818271875
0.8421818271875
0.9136075006875
0.9136075006875
0.9757385011875
0.9757385011875
0.9757385011875
0.999875955125
0.999875955125
0.9703246785
0.9703246785
0.9703246785
0.9288690475625
0.9288690475625
0.89272582725
0.89272582725
0.89272582725
0.905461140875
0.905461140875
0.905461140875
0.890515484375
0.890515484375
0.77822821325
0.77822821325
0.77822821325
0.7885810911250001
0.7885810911250001
0.7885810911250001
0.771889286375
0.771889286375
0.571591982875
0.571591982875
0.571591982875
0.197282122625
0.197282122625
0.197282122625
0.2558318443125
0.2558318443125
0.4087045138125
0.4087045138125
0.4087045138125
0.4692943166875
0.4692943166875
0.4692943166875
0.6028277634375
0.6028277634375
0.7426196510625
0.7426196510625
0.7426196510625
0.793356747125
0.793356747125
0.7786525490625
0.7786525490625
0.7786525490625
0.9429671968125
0.9429671968125
0.9429671968125
0.957676235
0.957676235
0.953528827
0.953528827
0.953528827
0.9594104195625
0.9594104195625
0.9594104195625
0.8954873196875
0.8954873196875
0.7116091839375
0.7116091839375
0.7116091839375
0.56917832075
0.56917832075
0.56917832075
0.5337394330625
0.5337394330625
0.6004928805625
0.6004928805625
0.6004928805625
0.4710725300625
0.4710725300625
0.4710725300625
0.4970390644375
0.4970390644375
0.54201451
0.54201451
0.54201451
0.437764080125
0.437764080125
0.437764080125
0.4454653819375
0.4454653819375
0.52812888775
0.52812888775
0.52812888775
0.5744352671875
0.5744352671875
0.5744352671875
0.716081464125
0.716081464125
0.7511416658125001
0.7511416658125001
0.7511416658125001
0.738139003375
0.738139003375
0.738139003375
0.7342693836875
0.7342693836875
0.8172178020625
0.8172178020625
0.8172178020625
0.8856298429999999
0.8856298429999999
0.863150569125
0.863150569125
0.863150569125
0.8635619293125
0.8635619293125
0.8635619293125
0.9028191014375
0.9028191014375
0.8767490324375001
0.8767490324375001
0.8767490324375001
0.704630135625
0.704630135625
0.704630135625
0.7276657060000001
0.7276657060000001
0.709258431375
0.709258431375
0.709258431375
0.6553778925
0.6553778925
0.7592243601875
0.7592243601875
0.7592243601875
0.844890873
0.844890873
0.844890873
0.8153611014375
0.8153611014375
0.9031945548125
0.9031945548125
0.9031945548125
0.9001613303125001
0.9001613303125001
0.9861124741874999
0.9861124741874999
0.9861124741874999
0.9973879673125
0.9973879673125
0.9996272365625
0.9996272365625
0.9996272365625
0.9996771950625
0.9996771950625
0.9890927119375
0.9890927119375
0.9890927119375
0.99592445325
0.99592445325
0.914455376625
0.914455376625
0.914455376625
0.9493732278749999
0.9493732278749999
0.9596533915625
0.9596533915625
0.9596533915625
0.8067116424375
0.8067116424375
0.8067116424375
0.7697048006875
0.7697048006875
0.614970134375
0.614970134375
0.614970134375
0.45811765875
0.45811765875
0.45811765875
0.42944922631250004
0.42944922631250004
0.4552736318125
0.4552736318125
0.4552736318125
0.48710327325
0.48710327325
0.48710327325
0.607483601625
0.607483601625
0.607483601625
0.59785746275
0.59785746275
0.5916774385625
0.5916774385625
0.5916774385625
0.7498134049374999
0.7498134049374999
0.7498134049374999
0.777073389
0.777073389
0.86116615475
0.86116615475
0.86116615475
0.9022489201875
0.9022489201875
0.81509640225
0.81509640225
0.81509640225
0.871676358
0.871676358
0.871676358
0.959813455
0.959813455
0.876795566375
0.876795566375
0.876795566375
0.814930866375
0.814930866375
0.814930866375
0.74954012125
0.74954012125
0.6851243780625
0.6851243780625
0.6851243780625
0.7105682156875
0.7105682156875
0.7105682156875
0.634361014375
0.634361014375
0.652353642125
0.652353642125
0.652353642125
0.6674171201874999
0.6674171201874999
0.720010431125
0.720010431125
0.720010431125
0.6910112359375
0.6910112359375
0.6910112359375
0.802355630625
0.802355630625
0.9052185548125
0.9052185548125
0.9052185548125
0.855729063
0.855729063
0.855729063
0.850297619
0.850297619
0.974997513375
0.974997513375
0.974997513375
0.9989085135625
0.9989085135625
0.9997763308125
0.9997763308125
0.9994297331875
0.9994297331875
0.9994297331875
0.9907761445624998
0.9907761445624998
0.999552994875
0.999552994875
0.999552994875
0.991208027
0.991208027
0.9621287374375
0.9621287374375
0.9621287374375
0.8690979125
0.8690979125
0.8690979125
0.7743393601875
0.7743393601875
0.654626219375
0.654626219375
0.654626219375
0.503431811375
0.503431811375
0.503431811375
0.646383953
0.646383953
0.6041645934375
0.6041645934375
0.6041645934375
0.6205687863125
0.6205687863125
0.6205687863125
0.4020680055625
0.4020680055625
0.3415755466875
0.3415755466875
0.3415755466875
0.3372093023125
0.3372093023125
0.3372093023125
0.3372093023125
0.3372093023125
0.3372093023125
0.333200716125
0.333200716125
0.3369576035
0.3369576035
0.3369576035
0.336999702
0.336999702
0.336999702
0.1743622258125
0.1743622258125
0.1743622258125
0.1470646666875
0.1470646666875
0.098931145875
0.098931145875
0.098931145875
0.085396162625
0.085396162625
0.085396162625
0.035497587875
0.035497587875
0.035497587875
0.0207484345
0.0207484345
0.019696592875
0.019696592875
0.019696592875
0.01941433825
0.01941433825
0.01941433825
