0.0166882211875
0.0265159045625
0.0265159045625
0.0265159045625
0.1958084576875
0.1958084576875
0.1958084576875
0.335604177
0.335604177
0.335604177
0.4989044915625
0.4989044915625
0.6935234965625
0.6935234965625
0.6935234965625
0.8534315433125
0.8534315433125
0.999577282625
0.999577282625
0.999577282625
0.9997641977499999
0.9997641977499999
0.999850894625
0.999850894625
0.999850894625
0.9998135811875
0.9998135811875
0.999925499125
0.999925499125
0.999925499125
0.999900532125
0.999900532125
0.9998011928125
0.9998011928125
0.9998011928125
0.8503700391875
0.8503700391875
0.7234249029375
0.7234249029375
0.7234249029375
0.651667246375
0.651667246375
0.651667246375
0.3686394354375
0.3686394354375
0.3686394354375
0.2620636421875
0.2620636421875
0.163816247375
0.163816247375
0.163816247375
0.384965661375
0.384965661375
0.384965661375
0.47101233093749995
0.47101233093749995
0.6151949798125
0.6151949798125
0.6151949798125
0.673607664
0.673607664
0.673607664
0.7629421380625
0.7629421380625
0.9087297670625
0.9087297670625
0.9087297670625
0.9195545169375001
0.9195545169375001
0.9091405861875
0.9091405861875
0.9091405861875
0.914713477
0.914713477
0.914713477
0.9056256833125
0.9056256833125
0.9022603079375
0.9022603079375
0.9022603079375
0.598328857
0.598328857
0.598328857
0.5884577114375
0.5884577114375
0.6504379634375
0.6504379634375
0.6504379634375
0.72661995625
0.72661995625
0.72661995625
0.82360399775
0.82360399775
0.8820015861874999
0.8820015861874999
0.8820015861874999
0.9487491313125002
0.9487491313125002
0.9997763196875
0.9997763196875
0.9997763196875
0.999043193
0.999043193
0.9997264498125
0.9997264498125
0.998645828125
0.998645828125
0.998645828125
0.9560415011875
0.9560415011875
0.9560415011875
0.8418486641875
0.8418486641875
0.7094903951250001
0.7094903951250001
0.7094903951250001
0.4973228071875
0.4973228071875
0.4973228071875
0.6550935136875
0.6550935136875
0.567474737375
0.567474737375
0.567474737375
0.5852244450625
0.5852244450625
0.5852244450625
0.4801275026875
0.4801275026875
0.78644235525
0.78644235525
0.78644235525
0.791365749875
0.791365749875
0.791365749875
0.9928734604375
0.9928734604375
0.999627310625
0.999627310625
0.999627310625
0.999602148375
0.999602148375
