0.0147256355
0.331980681125
0.5816392625625
0.6467696978125
0.648493347875
0.437611918
0.58715402225
0.65052681275
0.7645960877499999
0.9998134420625
0.9945822356875
0.8566348353125
0.8379194298125
0.7050452781250001
0.58203902825
0.535408579625
0.9982842649375
0.9998258099375
0.957683132875
0.999502116
0.7270577105
0.742021409
0.99945224575
0.48517117831249995
0.710760880375
0.99927849925
0.877402649125
0.907093081125
0.900754642
0.581043409
0.64329814775
1e-09
0.9991308234375
0.78007855225
0.7767741614374999
0.011954468625
0.013144150375000002
0.012051039687499997
0.0132409985625